name,value,position,plays_for,shift_opponent,predicted_point_range,prob_0,prob_1,prob_2,prob_3
Ezgjan Alioski,44,DEF,Leeds,Arsenal,2.0,0.0010803273566105129,0.19052265336530091,0.7397722407922457,0.06862477848584286
Luke Ayling,44,DEF,Leeds,Arsenal,1.0,0.019622559092165148,0.6083116280420541,0.35673268997675583,0.015333122889024945
Liam Cooper,43,DEF,Leeds,Arsenal,1.0,0.030979658490304145,0.5875869963052927,0.3682043238471936,0.013229021357209554
Andros Townsend,56,MID,Crystal Palace,Burnley,0.0,0.5054209870578058,0.25755966580866474,0.2036975259733886,0.03332182116014087
Raphael Dias Belloli,53,MID,Leeds,Arsenal,0.0,0.841709915398593,0.12908381675908656,0.028092421613149135,0.0011138462291711785
Michy Batshuayi,57,FWD,Crystal Palace,Burnley,0.0,0.7512977878708025,0.12668753598228907,0.11192767593643084,0.01008700021047764
Eberechi Eze,58,MID,Crystal Palace,Burnley,0.0,0.9681381168669183,0.022659533886339216,0.008205729726992404,0.0009966195197499566
Scott Dann,43,DEF,Crystal Palace,Burnley,0.0,0.9709559060433595,0.020322250148253184,0.008037442881524208,0.0006844009268633023
Nathaniel Clyne,45,DEF,Crystal Palace,Burnley,0.0,0.9995417935792958,0.0002767419956938959,0.00017084770089959166,1.0616724110571842e-05
Illan Meslier,47,GK,Leeds,Arsenal,1.0,0.0052799254159907215,0.5351916069910567,0.45034465502127247,0.009183812571680123
Stuart Dallas,48,DEF,Leeds,Arsenal,1.0,0.03569077470502854,0.577408729012047,0.3695663626574052,0.01733413362551914
Vicente Guaita,48,GK,Crystal Palace,Burnley,2.0,0.35698357307591627,0.18723386630979644,0.4222749387641624,0.03350762185012496
Luka Milivojevic,56,MID,Crystal Palace,Burnley,0.0,0.9957204931306582,0.0029481005349198145,0.0012194713755615699,0.00011193495886027914
Tyrick Mitchell,39,DEF,Crystal Palace,Burnley,0.0,0.9861997905792236,0.005228821331960232,0.007662780734365788,0.00090860735445042
Jordan Ayew,56,FWD,Crystal Palace,Burnley,0.0,0.9572654445763736,0.020113824735286195,0.021319121523810467,0.0013016091645297267
Jamie Shackleton,48,MID,Leeds,Arsenal,0.0,0.9951883358702073,0.004327933781195026,0.00046705889424738807,1.6671454350448002e-05
Patrick van Aanholt,54,DEF,Crystal Palace,Burnley,0.0,0.7787174112718859,0.07657801404833256,0.12630165586787456,0.018402918811907094
Pascal Struijk,39,DEF,Leeds,Arsenal,0.0,0.9183105585691544,0.04663007217028763,0.03432167050011974,0.0007376987604380335
Patrick Bamford,67,FWD,Leeds,Arsenal,1.0,0.36052569742348844,0.44513889045656757,0.19015174837935192,0.004183663740591939
Mateusz Klich,53,MID,Leeds,Arsenal,1.0,0.38732505233863795,0.558937203144785,0.05217940808608707,0.0015583364304899226
Jack Harrison,54,MID,Leeds,Arsenal,1.0,0.2837270598077876,0.6479523951402785,0.0660383771843177,0.0022821678676161567
Kalvin Phillips,49,MID,Leeds,Arsenal,0.0,0.8651487947118415,0.1269911039636066,0.00761419439746817,0.00024590692708389555
Christian Benteke,55,FWD,Crystal Palace,Burnley,0.0,0.8885962620163099,0.06692262167524878,0.04097575617349915,0.0035053601349421676
Gary Cahill,45,DEF,Crystal Palace,Burnley,0.0,0.9767768931712847,0.01281077610104673,0.009501691197760877,0.000910639529907874
Jairo Riedewald,44,MID,Crystal Palace,Burnley,0.0,0.9265787482288143,0.04827240351254337,0.022583919403937978,0.002564928854704389
Jean-Philippe Mateta,60,FWD,Crystal Palace,Burnley,0.0,0.9867498508290689,0.0074201547780685835,0.005423588533776363,0.0004064058590861972
John Lundstram,49,MID,Sheffield United,West Ham,0.0,0.9890950719445468,0.006507478273341792,0.003973262956674857,0.0004241868254364819
Lucas Rodrigues Moura da Silva,66,MID,Tottenham,Man City,0.0,0.4396879199845818,0.36553440954789934,0.18166874450502432,0.01310892596249454
Erik Lamela,57,MID,Tottenham,Man City,1.0,0.2990337502144953,0.5163379194074864,0.17771198678764902,0.006916343590369271
Serge Aurier,52,DEF,Tottenham,Man City,2.0,0.02195565840185295,0.2979178242933774,0.6226018172656475,0.057524700039122155
John Fleck,56,MID,Sheffield United,West Ham,0.0,0.9913335727841811,0.004301725971518414,0.0037087746263968087,0.0006559266179036737
Heung-Min Son,97,MID,Tottenham,Man City,2.0,0.3334368411616909,0.2158690542172274,0.36507851671984104,0.08561558790124064
Oleksandr Zinchenko,55,DEF,Man City,Tottenham,0.0,0.9921232625628161,0.006698176082698866,0.0011134163644232187,6.51449900616792e-05
Rúben Diogo da Silva Neves,51,MID,Wolves,Southampton,0.0,0.9132952429576302,0.07942386111332063,0.0069475254889160174,0.00033337044013324776
Nélson Cabral Semedo,53,DEF,Wolves,Southampton,0.0,0.9302106001570103,0.05969855102696125,0.009407629234836734,0.0006832195811918978
Jorge Luiz Frello Filho,47,MID,Chelsea,Newcastle,0.0,0.5829666638782132,0.3680574303450174,0.04489789721330661,0.004078008563462696
Jonny Evans,55,DEF,Leicester,Liverpool,0.0,0.9800746004478903,0.01615835140763108,0.0035698507494885054,0.00019719739499016124
Harry Kane,110,FWD,Tottenham,Man City,1.0,0.033440907304947504,0.8369669239529646,0.12217573636434159,0.007416432377746416
Mason Mount,68,MID,Chelsea,Newcastle,1.0,0.42152968191830453,0.49960325098112274,0.06579270533133098,0.013074361769241781
Chris Basham,46,DEF,Sheffield United,West Ham,0.0,0.999059596926072,0.00023366613311295503,0.0006605911137443764,4.6145827070708395e-05
João Pedro Cavaco Cancelo,60,DEF,Man City,Tottenham,0.0,0.9535983800348716,0.034520560433953996,0.011236290579975538,0.000644768951198775
Thiago Alcántara do Nascimento,57,MID,Liverpool,Leicester,0.0,0.9942124706568868,0.00418031350306064,0.0015419551607805382,6.526067927202289e-05
Pedro Lomba Neto,57,MID,Wolves,Southampton,2.0,0.030959246546848392,0.08661243504624196,0.6408874840439259,0.2415408343629838
Conor Gallagher,55,MID,West Brom,Man United,0.0,0.9999763695620786,1.1958289669583597e-05,1.0601394463661073e-05,1.0707537881248642e-06
Marc Albrighton,52,MID,Leicester,Liverpool,0.0,0.9765550886108706,0.015689127746516946,0.006934402000307422,0.0008213816423049071
Ben Davies,46,DEF,Tottenham,Man City,0.0,0.8451124631825404,0.12888773241486043,0.02523742272551403,0.0007623816770851889
Kean Bryan,39,DEF,Sheffield United,West Ham,0.0,0.998611120286258,0.0003085089880922695,0.000972163746786057,0.00010820697886399712
Xherdan Shaqiri,64,MID,Liverpool,Leicester,0.0,0.4282932665028802,0.07295459400754718,0.4261782822744754,0.07257385721509713
Ainsley Maitland-Niles,46,DEF,West Brom,Man United,0.0,0.9994209714588427,0.00018265594538916264,0.0003545500211759996,4.182257459187998e-05
Matt Phillips,51,MID,West Brom,Man United,0.0,0.9977205058904004,0.001427013846090494,0.0007806071681755528,7.187309533354615e-05
César Azpilicueta,57,DEF,Chelsea,Newcastle,0.0,0.8738550214831287,0.050560851909562325,0.06833069584606308,0.007253430761246111
Steven Bergwijn,70,MID,Tottenham,Man City,2.0,0.021587266717566674,0.28865151917231746,0.6182072040194392,0.07155401009067666
Andreas Christensen,47,DEF,Chelsea,Newcastle,0.0,0.935609292635055,0.04950051649476553,0.013087467683396185,0.0018027231867832096
Robert Snodgrass,56,MID,West Brom,Man United,0.0,0.9999283278546378,5.376672932221727e-05,1.6593037777685872e-05,1.3123782621417675e-06
Rodrigo Hernandez,53,MID,Man City,Tottenham,0.0,0.9570267785613147,0.03239801480367817,0.009923464977566396,0.0006517416574406805
Ederson Santana de Moraes,61,GK,Man City,Tottenham,0.0,0.6377201747809069,0.18678162572401935,0.16517468477303765,0.010323514722036123
Fabio Silva,52,FWD,Wolves,Southampton,0.0,0.8255355949620066,0.14907091432189232,0.023570282694004394,0.0018232080220966583
Tanguy Ndombele,59,MID,Tottenham,Man City,1.0,0.011187148851805107,0.5086465695532275,0.42520019176451024,0.054966089830457227
Oluwasemilogo Adesewo Ibidapo Ajayi,48,DEF,West Brom,Man United,0.0,0.9965253980905999,0.0021150676722986655,0.0012454015147598935,0.00011413272234158331
Mateo Kovacic,53,MID,Chelsea,Newcastle,0.0,0.758238798497926,0.22283346231015852,0.016630308369537192,0.0022974308223784354
Riyad Mahrez,81,MID,Man City,Tottenham,0.0,0.748200253548751,0.03373589126888828,0.17038395775030812,0.04767989743205278
Phil Foden,61,MID,Man City,Tottenham,2.0,0.22322048302795813,0.17691319088147556,0.5125787222675235,0.08728760382304286
Gabriel Fernando de Jesus,92,FWD,Man City,Tottenham,0.0,0.6868600821513747,0.20255612923082983,0.10062161963563064,0.00996216898216487
Sam Johnstone,45,GK,West Brom,Man United,0.0,0.6538917245866622,0.060426916217873994,0.2603406625522804,0.025340696643183443
Kelechi Iheanacho,56,FWD,Leicester,Liverpool,0.0,0.9765570502614985,0.018521657541614327,0.004589690337481973,0.00033160185940537623
Oliver Burke,42,MID,Sheffield United,West Ham,0.0,0.9976993266943307,0.0020506522292523537,0.00023682540486108267,1.3195671555894015e-05
Youri Tielemans,64,MID,Leicester,Liverpool,0.0,0.9907768558652442,0.006367033161689327,0.0026722987788990213,0.0001838121941673928
Çaglar Söyüncü,53,DEF,Leicester,Liverpool,0.0,0.9993006803734896,0.000517008369612795,0.00017204087340780757,1.0270383489622973e-05
Jamie Vardy,100,FWD,Leicester,Liverpool,0.0,0.6947589850001157,0.06223557708284643,0.19030388092308617,0.0527015569939518
Toby Alderweireld,54,DEF,Tottenham,Man City,1.0,0.2700612999391308,0.4510400440293028,0.2634418990935604,0.015456756938006055
Curtis Jones,44,MID,Liverpool,Leicester,0.0,0.9240461078429703,0.06327939669826674,0.012108200918682864,0.0005662945400800879
Jordan Henderson,54,MID,Liverpool,Leicester,0.0,0.9616443690321471,0.017363636922749823,0.019241901723572805,0.001750092321530302
Bernardo Mota Veiga de Carvalho e Silva,74,MID,Man City,Tottenham,0.0,0.6382817065094222,0.2651314439494149,0.08838037540042748,0.008206474140735383
Max Lowe,43,DEF,Sheffield United,West Ham,0.0,0.9999007452703874,5.239491689995295e-05,4.17974785804539e-05,5.062334132317193e-06
Lee Peltier,40,DEF,West Brom,Man United,0.0,0.698712726933512,0.06478732875151386,0.211020523555382,0.025479420759592027
Oliver Norwood,45,MID,Sheffield United,West Ham,0.0,0.9987788315205409,0.0009541139032422226,0.0002462006310028545,2.0853945213736303e-05
Raheem Sterling,116,MID,Man City,Tottenham,0.0,0.35944836317067147,0.25082816652704604,0.2854266376146667,0.10429683268761587
Trent Alexander-Arnold,74,DEF,Liverpool,Leicester,2.0,0.08915840850958717,0.02459854485484076,0.4692014878889677,0.41704155874660453
John Stones,52,DEF,Man City,Tottenham,2.0,0.06756917852047699,0.44166315282237173,0.4587441017392756,0.03202356691787594
Timo Werner,92,FWD,Chelsea,Newcastle,0.0,0.555783102918232,0.3026551461566295,0.11251281610284238,0.02904893482229618
Max Kilman,40,DEF,Wolves,Southampton,1.0,0.39508501529101697,0.5797180001546214,0.02424238260624392,0.0009546019481177353
Jayden Bogle,43,DEF,Sheffield United,West Ham,0.0,0.998765726096113,0.0001681913278361182,0.0009591203686230548,0.00010696220742775317
Alisson Ramses Becker,59,GK,Liverpool,Leicester,0.0,0.6003246671120881,0.15013165579495766,0.23099658268294587,0.018547094410008416
Dane Scarlett,45,FWD,Tottenham,Man City,0.0,0.785936223756237,0.17828573080286722,0.03463066502227791,0.0011473804186180093
Callum Hudson-Odoi,57,MID,Chelsea,Newcastle,0.0,0.5443202874328102,0.3290809896745871,0.11107297267890719,0.015525750213695516
Conor Coady,48,DEF,Wolves,Southampton,0.0,0.68029403793751,0.24600985525877875,0.06984585720180098,0.0038502496019102773
Mohamed Salah,127,MID,Liverpool,Leicester,0.0,0.6964625967175407,0.11334987226551253,0.15222245237515783,0.037965078641788885
Georginio Wijnaldum,53,MID,Liverpool,Leicester,0.0,0.9870431229849665,0.00984303526285047,0.002937652770110841,0.00017618898207229529
Konstantinos Tsimikas,49,DEF,Liverpool,Leicester,0.0,0.9992534412275839,0.0006125035285023604,0.00012831463912097737,5.740604792951272e-06
Edouard Mendy,51,GK,Chelsea,Newcastle,1.0,0.012782982793495554,0.7058553318626937,0.25638556590082523,0.024976119442985577
Antonio Rüdiger,46,DEF,Chelsea,Newcastle,0.0,0.7063899328232094,0.17299042522356223,0.11091888265717138,0.009700759296057121
James Justin,52,DEF,Leicester,Liverpool,0.0,0.9998329097854352,0.00014227013787445052,2.3467809267378568e-05,1.352267423153645e-06
Sadio Mané,119,MID,Liverpool,Leicester,2.0,0.22624627339182185,0.1447082254189967,0.41057680962641757,0.2184686915627639
John Egan,47,DEF,Sheffield United,West Ham,0.0,0.999121403531758,0.0002976063571757323,0.0005268228968156363,5.416721425072182e-05
Roberto Firmino,94,FWD,Liverpool,Leicester,0.0,0.551292895466889,0.04132291174274367,0.3171186802019932,0.09026551258837427
Davinson Sánchez,52,DEF,Tottenham,Man City,0.0,0.6861519255641537,0.10142715280549396,0.2008608672068644,0.011560054423487936
Reece James,50,DEF,Chelsea,Newcastle,2.0,0.19343438065659246,0.2201782774095266,0.49377174916527966,0.0926155927686012
Adama Traoré,60,MID,Wolves,Southampton,0.0,0.6801016190724546,0.2934484178893427,0.024114269872933997,0.002335693165268603
Jonathan Castro Otto,54,DEF,Wolves,Southampton,0.0,0.47328730719253853,0.31007622878965224,0.19232235644489484,0.02431410757291439
Aaron Ramsdale,46,GK,Sheffield United,West Ham,0.0,0.996790033804899,0.0022261458916385105,0.0009214283362745535,6.239196718817983e-05
Kyle Bartley,44,DEF,West Brom,Man United,0.0,0.9995707970429231,0.00015728933104916867,0.0002466118361069678,2.5301789921000732e-05
James Maddison,74,MID,Leicester,Liverpool,0.0,0.7443641779629812,0.15125484493862676,0.09567169847269025,0.008709278625701972
Andrew Robertson,74,DEF,Liverpool,Leicester,0.0,0.8698412750370221,0.051821931124718085,0.06850559913784601,0.009831194700413843
James Milner,53,MID,Liverpool,Leicester,0.0,0.5665650677416707,0.13776695830468913,0.2539405507353534,0.04172742321828675
Fabio Henrique Tavares,54,MID,Liverpool,Leicester,0.0,0.9946131336506479,0.004423401628725395,0.000913737702404078,4.972701822249446e-05
Billy Sharp,55,FWD,Sheffield United,West Ham,0.0,0.9998275471995796,0.00013563387443445268,3.479078180701114e-05,2.028144179011856e-06
Willian José Da Silva,70,FWD,Wolves,Southampton,1.0,0.2868079614969562,0.6634365361305958,0.046179582250620334,0.003575920121827451
Conor Townsend,44,DEF,West Brom,Man United,0.0,0.9951301626507895,0.0012477028710589555,0.0032480407238586547,0.00037409375429295225
Rúben Santos Gato Alves Dias,61,DEF,Man City,Tottenham,0.0,0.9973285091443375,0.0020439395190577185,0.0006008136924100826,2.673764419477582e-05
Pierre-Emile Højbjerg,49,MID,Tottenham,Man City,1.0,0.35063963017317795,0.4833423459023752,0.15850012138573227,0.007517902538714627
Rhian Brewster,45,FWD,Sheffield United,West Ham,0.0,0.9999855299338667,9.576118862013181e-06,4.640420913054881e-06,2.5352635834005794e-07
Olivier Giroud,67,FWD,Chelsea,Newcastle,0.0,0.9990842459827616,0.0007304359571148073,0.00016285726721360804,2.2460792909796928e-05
Ayoze Pérez,60,MID,Leicester,Liverpool,0.0,0.9895967266095942,0.008741686623923347,0.001504574977674334,0.00015701178880806144
Ilkay Gündogan,59,MID,Man City,Tottenham,2.0,0.20357176000148564,0.11226709888131148,0.5553048237176995,0.1288563173995034
Karlan Grant,58,FWD,West Brom,Man United,0.0,0.9997093257849878,9.943220704041147e-05,0.00017333200882473668,1.790999914721394e-05
N'Golo Kanté,49,MID,Chelsea,Newcastle,0.0,0.9918271738520921,0.004663559369692028,0.003087765871169398,0.0004215009070466766
Ki-Jana Hoever,44,DEF,Wolves,Southampton,0.0,0.9950004946303241,0.00461857003084622,0.0003562880075920834,2.4647331237326182e-05
Oliver McBurnie,56,FWD,Sheffield United,West Ham,0.0,0.9889788188698052,0.0006431865910844832,0.008347127740796968,0.002030866798313381
João Filipe Iria Santos Moutinho,52,MID,Wolves,Southampton,0.0,0.7483638616874904,0.23441088051220108,0.01606663846255569,0.001158619337752959
Harvey Barnes,69,MID,Leicester,Liverpool,0.0,0.9647522010022883,0.029469967491917468,0.005322199810809985,0.00045563169498424416
Romaine Sawyers,47,MID,West Brom,Man United,0.0,0.9992547120827713,0.0003213468160118923,0.00037655792828155256,4.738317293515898e-05
Hugo Lloris,56,GK,Tottenham,Man City,2.0,0.05468718149733364,0.27643232941931445,0.6277580023237501,0.04112248675960168
Benjamin Chilwell,60,DEF,Chelsea,Newcastle,0.0,0.7107396866203812,0.12037009067240627,0.14453993297589549,0.02435028973131701
Marcos Alonso,57,DEF,Chelsea,Newcastle,2.0,0.11136316673964539,0.25880304491728917,0.45439535430813205,0.17543843403493342
Leander Dendoncker,46,MID,Wolves,Southampton,1.0,0.4096966419087389,0.5427257064328515,0.04601498927582192,0.0015626623825878397
Okay Yokuslu,45,MID,West Brom,Man United,0.0,0.9998759871202912,8.732472571160957e-05,3.3963762600459384e-05,2.72439139675348e-06
Mbaye Diagne,60,FWD,West Brom,Man United,0.0,0.8291554329650488,0.05882008795150796,0.09980405950628786,0.01222041957715535
Rui Pedro dos Santos Patrício,53,GK,Wolves,Southampton,1.0,0.44382640049342376,0.45732317385792287,0.09430660125805325,0.004543824390600225
Kasper Schmeichel,55,GK,Leicester,Liverpool,0.0,0.7945020686806193,0.10690823767939792,0.09352103872246695,0.005068654917515845
David McGoldrick,52,FWD,Sheffield United,West Ham,0.0,0.9999589336972712,2.871959458760024e-05,1.127158209478029e-05,1.075126046295706e-06
Matheus Pereira,56,MID,West Brom,Man United,0.0,0.9995979684896167,0.00024708666242551216,0.0001430684708205548,1.187637713723649e-05
Morgan Gibbs-White,49,MID,Wolves,Southampton,0.0,0.9980464900893863,0.0018790573797789006,7.056008631341406e-05,3.892444521450732e-06
Hamza Choudhury,47,MID,Leicester,Liverpool,0.0,0.9771933422992114,0.021222944106466454,0.0015158103495806236,6.790324474149869e-05
Matt Doherty,56,DEF,Tottenham,Man City,0.0,0.8875751547769629,0.04171294122567407,0.06505096810222752,0.005660935895135576
Ricardo Domingos Barbosa Pereira,59,DEF,Leicester,Liverpool,0.0,0.9976282363164014,0.0012204821909107219,0.001061107753999987,9.017373868783874e-05
Aaron Cresswell,57,DEF,West Ham,Sheffield United,0.0,0.7602393493127864,0.1041473182219681,0.12526890451867304,0.010344427946572617
Neal Maupay,61,FWD,Brighton,Aston Villa,0.0,0.902479494035962,0.06782853342852306,0.028293171919086528,0.0013988006164283016
Bertrand Traoré,59,MID,Aston Villa,Brighton,1.0,0.0026752286735848944,0.765134005331599,0.18518814159994879,0.04700262439486714
Javier Manquillo,42,DEF,Newcastle,Chelsea,0.0,0.992418819277433,0.004336269419110592,0.0030772680437030054,0.00016764325975359104
Ryan Bertrand,50,DEF,Southampton,Wolves,0.0,0.9193390169925412,0.0748537911038553,0.005281670844270734,0.0005255210593326485
Alphonse Areola,45,GK,Fulham,Everton,1.0,0.02271267334167866,0.8543503652618863,0.12114497876498609,0.0017919826314488074
Callum Wilson,68,FWD,Newcastle,Chelsea,2.0,0.2571362787121469,0.1972627801446263,0.5011833692353597,0.04441757190786714
Victor Lindelöf,48,DEF,Man United,West Brom,0.0,0.8997395249890052,0.01901156476359259,0.0767010762936041,0.0045478339537979445
Michail Antonio,67,FWD,West Ham,Sheffield United,1.0,0.11331844817311601,0.5007914392491515,0.35554074823183196,0.030349364345900492
Nicolas Pépé,76,MID,Arsenal,Leeds,0.0,0.9986902408004941,0.0012925516881290146,1.643612425832859e-05,7.71387118633115e-07
Alexandre Lacazette,84,FWD,Arsenal,Leeds,2.0,0.08384327195507814,0.3715866271542441,0.4950616246510254,0.04950847623965252
Granit Xhaka,52,MID,Arsenal,Leeds,1.0,0.22860492730379492,0.7437894354052416,0.026523267898489033,0.0010823693924745714
Angelo Ogbonna,50,DEF,West Ham,Sheffield United,0.0,0.8446410431961631,0.09673145235033295,0.05623867091231102,0.00238883354119294
Ryan Fredericks,42,DEF,West Ham,Sheffield United,0.0,0.9384317944034731,0.05385893948100582,0.007458020734792643,0.00025124538072843346
Jacob Ramsey,45,MID,Aston Villa,Brighton,0.0,0.985981896564742,0.012373147507925977,0.0015300002787552198,0.00011495564857678586
Marcus Rashford,96,MID,Man United,West Brom,0.0,0.99728283164682,0.0018822376071691695,0.0007680530401751372,6.687770583582538e-05
Adam Lallana,62,MID,Brighton,Aston Villa,0.0,0.6324436178331208,0.2956728387927071,0.06652155865666909,0.005361984717502868
Bukayo Saka,54,MID,Arsenal,Leeds,1.0,0.32982572548152017,0.6271489774727359,0.03985241323774435,0.003172883807999456
Rob Holding,46,DEF,Arsenal,Leeds,2.0,0.028134300641230233,0.35081288810906414,0.5671385399703611,0.05391427127934454
Axel Tuanzebe,42,DEF,Man United,West Brom,0.0,0.9998418603919461,0.00012636332553214334,3.084450782271999e-05,9.317746991444645e-07
Aaron Connolly,52,FWD,Brighton,Aston Villa,0.0,0.9849637793530952,0.01202643243106517,0.0028934114521028402,0.00011637676373677846
Jack Cork,50,MID,Burnley,Crystal Palace,0.0,0.9142601337158875,0.07161031052122811,0.013644034619753517,0.0004855211431307716
Robin Olsen,45,GK,Everton,Fulham,1.0,0.43429267253594905,0.47211180591578644,0.08713604351828552,0.0064594780299790265
Fabian Schär,49,DEF,Newcastle,Chelsea,0.0,0.9980189268949547,0.0013466477202788282,0.0005984773217923804,3.5948062973996564e-05
Johann Berg Gudmundsson,54,MID,Burnley,Crystal Palace,2.0,0.0826776114542726,0.414655586683388,0.4762752747765648,0.026391527085774535
Josh Maja,55,FWD,Fulham,Everton,0.0,0.9951268557628629,0.003971249389086886,0.0008691648784843113,3.2729969566049454e-05
Matthew Lowton,44,DEF,Burnley,Crystal Palace,1.0,0.248720841189504,0.40150663095757105,0.3260062998030311,0.023766228049893992
Scott McTominay,49,MID,Man United,West Brom,0.0,0.9999612519772023,2.385593548134581e-05,1.4251756313876298e-05,6.403310023138794e-07
Gylfi Sigurdsson,68,MID,Everton,Fulham,0.0,0.8447685893805653,0.034416673191146094,0.08663126299725232,0.03418347443103649
Jeff Hendrick,45,MID,Newcastle,Chelsea,0.0,0.9814309039156115,0.005316911891087421,0.012803343672119155,0.0004488405211819323
Ben Godfrey,50,DEF,Everton,Fulham,0.0,0.99322574135062,0.006174892888166255,0.0005639074897209257,3.545827149277195e-05
Ivan Ricardo Neves Abreu Cavaleiro,53,MID,Fulham,Everton,0.0,0.988838524569042,0.010594442841594583,0.0005544368611326402,1.2595728230649301e-05
Yves Bissouma,44,MID,Brighton,Aston Villa,0.0,0.9867603141310592,0.011259524078503802,0.0019016300851357737,7.853170530127701e-05
Karl Darlow,50,GK,Newcastle,Chelsea,1.0,0.24841981990986098,0.45822745517123,0.28646705456077737,0.006885670358131447
James Ward-Prowse,60,MID,Southampton,Wolves,0.0,0.6499372762810812,0.31692827948630714,0.02804589054612696,0.005088553686484548
Tomas Soucek,54,MID,West Ham,Sheffield United,0.0,0.9767925032261099,0.01575309255473717,0.007059318874219965,0.00039508534493297117
Lucas Digne,61,DEF,Everton,Fulham,1.0,0.10909960334380658,0.6600075194865803,0.19134983543192782,0.039543041737685344
Bruno Miguel Borges Fernandes,115,MID,Man United,West Brom,0.0,0.35534633266301313,0.005599090243230834,0.3010969770142808,0.33795760007947523
Matej Vydra,48,FWD,Burnley,Crystal Palace,0.0,0.9604531686334864,0.02532935889921426,0.013611522227232378,0.0006059502400670886
Craig Dawson,45,DEF,West Ham,Sheffield United,0.0,0.991701872002612,0.006260019274138096,0.001957103544554312,8.100517869563385e-05
Joseph Willock,47,MID,Newcastle,Chelsea,0.0,0.9978832670762832,0.001465180793213849,0.0006202641768474123,3.128795365544152e-05
Jannik Vestergaard,47,DEF,Southampton,Wolves,0.0,0.8528620006113291,0.11802111258429267,0.027089587917515246,0.0020272988868629137
Tosin Adarabioyo,45,DEF,Fulham,Everton,0.0,0.9865524111580161,0.00964183977250582,0.003675627235016219,0.00013012183446175292
Jesse Lingard,60,MID,West Ham,Sheffield United,0.0,0.9961795104686516,0.0031212657594284383,0.0006631592556215585,3.606451629839878e-05
Oriol Romeu Vidal,45,MID,Southampton,Wolves,0.0,0.8534583853705178,0.13948183642405967,0.0063736622513947145,0.0006861159540276802
Frederico Rodrigues de Paula Santos,53,MID,Man United,West Brom,0.0,0.9974268149028459,0.001970113680427066,0.0005688091545852687,3.426226214164899e-05
Michael Keane,51,DEF,Everton,Fulham,0.0,0.6830294199191931,0.24656509105976632,0.06512163800931879,0.005283851011721852
Jack Grealish,78,MID,Aston Villa,Brighton,2.0,0.03378359774034947,0.059104029795429475,0.5369988366299081,0.370113535834313
Richarlison de Andrade,78,FWD,Everton,Fulham,0.0,0.6530798823848022,0.2956538128474457,0.04462250669613193,0.006643798071620294
Danny Welbeck,55,FWD,Brighton,Aston Villa,2.0,0.02907774280684433,0.04573806484454192,0.7310112808226256,0.19417291152598823
Pierre-Emerick Aubameyang,113,MID,Arsenal,Leeds,1.0,0.10363787345645781,0.858607044252309,0.03505515128783217,0.0026999310034010156
Cédric Soares,46,DEF,Arsenal,Leeds,0.0,0.8911473390855972,0.06694989372031462,0.039935434444074235,0.00196733275001402
Héctor Bellerín,51,DEF,Arsenal,Leeds,2.0,0.00290213344650954,0.13724643105390089,0.7406158482157859,0.1192355872838038
Ollie Watkins,63,FWD,Aston Villa,Brighton,0.0,0.8267310855731695,0.13703061142962916,0.033164937303303166,0.003073365693898135
Mark Noble,46,MID,West Ham,Sheffield United,0.0,0.9805476045178799,0.01575146614400467,0.00351198388039383,0.00018894545772153734
Jonjo Shelvey,53,MID,Newcastle,Chelsea,0.0,0.4542752467794902,0.42768987961599575,0.1101109427792177,0.007923930825296284
Jamal Lewis,42,DEF,Newcastle,Chelsea,0.0,0.9972394466167337,0.0018865185059915989,0.0008343896631138017,3.9645214161044724e-05
Harrison Reed,44,MID,Fulham,Everton,0.0,0.9200108538017756,0.06532756226700555,0.014219470220439233,0.0004421137107795308
James Rodríguez,77,MID,Everton,Fulham,0.0,0.9954840254079276,0.0035277930078273555,0.0008407702284257173,0.00014741135581944323
Willian Borges Da Silva,75,MID,Arsenal,Leeds,0.0,0.9237108305023419,0.066345893597559,0.009340781790773169,0.0006024941093258088
Paul Dummett,44,DEF,Newcastle,Chelsea,0.0,0.9413539333037256,0.02553633980075213,0.03157834787318914,0.0015313790223332616
Joachim Andersen,45,DEF,Fulham,Everton,0.0,0.9885160689754272,0.009037996062426765,0.0023862151296813947,5.9719832464516275e-05
Ezri Konsa Ngoyo,46,DEF,Aston Villa,Brighton,2.0,0.005762517440742679,0.23909916384715343,0.6723364854443372,0.0828018332677666
Emiliano Martínez,52,GK,Aston Villa,Brighton,0.0,0.7362893090163082,0.23726590881342358,0.02514060634739235,0.0013041758228758517
Gabriel Magalhães,50,DEF,Arsenal,Leeds,1.0,0.10589334463268106,0.528966539577795,0.33410183989003567,0.031038275899488394
Leandro Trossard,57,MID,Brighton,Aston Villa,2.0,0.06336293198049958,0.012861922842954487,0.7070181102976248,0.21675703487892123
Nathan Redmond,64,MID,Southampton,Wolves,0.0,0.6380892299376388,0.09621006638819074,0.18165015589508784,0.08405054777908265
Edinson Cavani,79,FWD,Man United,West Brom,0.0,0.9999599640185024,3.0309395753714143e-05,9.106342049380328e-06,6.202436946860403e-07
John McGinn,55,MID,Aston Villa,Brighton,1.0,0.08948338243527287,0.7863175996385064,0.11373604351352182,0.010462974412698865
Bobby Decordova-Reid,53,FWD,Fulham,Everton,2.0,0.22819901995484196,0.15331694310454066,0.5855238886032345,0.032960148337382866
André-Frank Zambo Anguissa,45,MID,Fulham,Everton,0.0,0.9194848215598812,0.06497859032899433,0.015060881079065057,0.00047570703205952904
Miguel Almirón,56,MID,Newcastle,Chelsea,0.0,0.5487855698077095,0.3676618619284193,0.07998807833165841,0.0035644899322126913
Joelinton Cássio Apolinário de Lira,57,FWD,Newcastle,Chelsea,0.0,0.9996968810019652,0.00020105012443885178,9.669155903671723e-05,5.377314559219955e-06
Allan Saint-Maximin,51,MID,Newcastle,Chelsea,0.0,0.6338870327231308,0.25633010032984815,0.10519546185343727,0.004587405093583806
Dan Burn,42,DEF,Brighton,Aston Villa,0.0,0.9825111778478824,0.014821392209592435,0.0026018467052299813,6.558323729524775e-05
Ademola Lookman,50,MID,Fulham,Everton,1.0,0.033265994775447394,0.5589155895538693,0.37926327090144313,0.0285551447692401
Alex Iwobi,59,MID,Everton,Fulham,0.0,0.6946624374913838,0.2505125005920483,0.046682235838228635,0.00814282607833926
Matt Targett,48,DEF,Aston Villa,Brighton,2.0,0.020201746325933956,0.21036006730973403,0.6453462514647221,0.12409193489960985
Nick Pope,55,GK,Burnley,Crystal Palace,2.0,0.05519038040219376,0.43046381067112116,0.5015717301310605,0.012774078795624562
Saïd Benrahma,60,MID,West Ham,Sheffield United,1.0,0.35302030867361733,0.5027721112009995,0.1326944642238871,0.011513115901496012
Lewis Dunk,48,DEF,Brighton,Aston Villa,0.0,0.8462721124004845,0.10051351101756317,0.051999728953262346,0.0012146476286899748
Dominic Calvert-Lewin,76,FWD,Everton,Fulham,2.0,0.23949874614474728,0.24630598777572874,0.4067212441829305,0.1074740218965933
Che Adams,58,FWD,Southampton,Wolves,1.0,0.35379105547388445,0.4815849023166466,0.13752576783774612,0.02709827437172284
Jack Stephens,46,DEF,Southampton,Wolves,0.0,0.9985453294201426,0.0011163992505109164,0.0003115477215689658,2.6723607777535105e-05
Tom Davies,52,MID,Everton,Fulham,0.0,0.8760824225264513,0.11362054661936945,0.009281514041668252,0.0010155168125109697
Matthew Cash,50,DEF,Aston Villa,Brighton,0.0,0.7922050924466368,0.1592815376544455,0.04518354204018248,0.0033298278587351226
Pascal Groß,58,MID,Brighton,Aston Villa,1.0,0.04606866227549093,0.6994617816638473,0.23081010005046368,0.02365945601019812
Dwight McNeil,57,MID,Burnley,Crystal Palace,0.0,0.8251921007031854,0.12861991455132551,0.0438929019486781,0.002295082796810859
David de Gea,53,GK,Man United,West Brom,0.0,0.8681253020117403,0.03362697958391863,0.09404119115033814,0.004206527254002917
Robert Sánchez,45,GK,Brighton,Aston Villa,2.0,0.003226136691540495,0.4201478357994234,0.5556740026432315,0.02095202486580458
Marvelous Nakamba,43,MID,Aston Villa,Brighton,0.0,0.6938204760373805,0.2694116321909176,0.03370359573016843,0.0030642960415334453
Mason Holgate,48,DEF,Everton,Fulham,0.0,0.9972054628822441,0.002552570027139863,0.00022384052577758526,1.8126564838420267e-05
James Tarkowski,53,DEF,Burnley,Crystal Palace,1.0,0.14030824823539453,0.6194634973461254,0.22866730039206812,0.011560954026412036
Luke Shaw,49,DEF,Man United,West Brom,2.0,0.3375129980758384,0.1915881363204925,0.4320359209431223,0.03886294466054656
Daniel N'Lundulu,45,FWD,Southampton,Wolves,0.0,0.9748657448534178,0.022588549293651134,0.002361403457555747,0.00018430239537521159
Aleksandar Mitrović,55,FWD,Fulham,Everton,0.0,0.9209787678277261,0.04395757856074403,0.033240780870251604,0.0018228727412782622
Mason Greenwood,70,MID,Man United,West Brom,0.0,0.9972272186762511,0.0016731980505261409,0.0010073093266578898,9.227394656499803e-05
Alexis Mac Allister,53,MID,Brighton,Aston Villa,1.0,0.3891708418441533,0.5201623545446041,0.08488868439342268,0.005778119217819904
Emile Smith Rowe,44,MID,Arsenal,Leeds,1.0,0.06351607416680874,0.8660840695124662,0.06652522951213084,0.003874626808594388
Ashley Barnes,60,FWD,Burnley,Crystal Palace,0.0,0.4736668417468258,0.07602357379199537,0.41151480989711714,0.03879477456406163
Lukasz Fabianski,51,GK,West Ham,Sheffield United,1.0,0.2792778191942228,0.39033789822152803,0.32197586267366946,0.008408419910579714
Alex McCarthy,46,GK,Southampton,Wolves,0.0,0.4426624839855671,0.35451892842122595,0.18508581417309927,0.017732773420107633
Jarrod Bowen,61,MID,West Ham,Sheffield United,0.0,0.5426283299776682,0.3803556217649344,0.07162830850818003,0.0053877397492173755
Takumi Minamino,60,MID,Southampton,Wolves,0.0,0.9966204683867115,0.0031718392167414265,0.0001858148327866802,2.1877563760545243e-05
André Filipe Tavares Gomes,53,MID,Everton,Fulham,0.0,0.9678583821922566,0.028019897488919122,0.003689884411804737,0.00043183590701950073
Adam Webster,44,DEF,Brighton,Aston Villa,0.0,0.6564171770866274,0.08597558842959577,0.24765558908637592,0.009951645397400916
Thomas Partey,49,MID,Arsenal,Leeds,0.0,0.9195889828379197,0.07491608357719151,0.005248285233742406,0.0002466483511465384
Kenny Tete,43,DEF,Fulham,Everton,0.0,0.9512883018043958,0.04109772173962014,0.00740956759122843,0.00020440886475546222
Joël Veltman,43,DEF,Brighton,Aston Villa,0.0,0.9882204526026986,0.00855939806048264,0.00309500020504725,0.00012514913177141097
Antonee Robinson,44,DEF,Fulham,Everton,0.0,0.9935714290927035,0.004709118508302279,0.001684256039113044,3.519635988115037e-05
Abdoulaye Doucouré,52,MID,Everton,Fulham,0.0,0.46960000662143175,0.05320911548199252,0.32024161398824325,0.15694926390833244
Declan Rice,47,MID,West Ham,Sheffield United,0.0,0.7674121815044511,0.20330655181638363,0.027236181791192807,0.0020450848879723913
Martin Ødegaard,60,MID,Arsenal,Leeds,0.0,0.97239147589822,0.026171881087362726,0.0013732069999706571,6.343601444667203e-05
Tyrone Mings,54,DEF,Aston Villa,Brighton,1.0,0.3717888975763166,0.45771953732168696,0.15652176000128412,0.013969805100712314
Joshua King,55,FWD,Everton,Fulham,0.0,0.9907086634879007,0.007269923034840015,0.001872857857491946,0.00014855561976744323
Erik Pieters,43,DEF,Burnley,Crystal Palace,0.0,0.8407530188651372,0.09047068237922512,0.06565559748204115,0.003120701273596391
Isaac Hayden,47,MID,Newcastle,Chelsea,0.0,0.980807161284076,0.010542473183697493,0.008139042243422209,0.0005113232888041278
Ashley Westwood,53,MID,Burnley,Crystal Palace,1.0,0.09822081811493123,0.5595066621463614,0.3183949336483537,0.023877586090353706
Vladimir Coufal,47,DEF,West Ham,Sheffield United,2.0,0.017102248630002176,0.39210137527108285,0.5463104216553617,0.04448595444355341
Danny Ings,84,FWD,Southampton,Wolves,1.0,0.22712038200699985,0.43260697492087186,0.27199024561479535,0.06828239745733286
Jan Bednarek,49,DEF,Southampton,Wolves,0.0,0.9293700637175902,0.03639905630268699,0.03060451095466407,0.003626369025058716
Aaron Wan-Bissaka,55,DEF,Man United,West Brom,0.0,0.5518375102458016,0.06434356932803005,0.3546481329442772,0.02917078748189121
Ben White,44,DEF,Brighton,Aston Villa,0.0,0.9853093696482275,0.011206154813542486,0.0033676522800746207,0.00011682325815559012
Mario Lemina,45,MID,Fulham,Everton,0.0,0.8983646461833963,0.09395075183312596,0.00743322495921993,0.00025137702425792125
Ruben Loftus-Cheek,59,MID,Fulham,Everton,2.0,0.20609333176526104,0.367532611981076,0.39917020407022474,0.027203852183438085
Mahmoud Ahmed Ibrahim Hassan,52,MID,Aston Villa,Brighton,0.0,0.9889366473663997,0.009921613416468439,0.0010407823043431773,0.00010095691278856474
Emil Krafth,42,DEF,Newcastle,Chelsea,2.0,0.2023448491717946,0.29675249756373884,0.47776581822253805,0.023136835041928556
Paul Pogba,77,MID,Man United,West Brom,0.0,0.9999406924345418,5.077255668625105e-05,7.82563951880622e-06,7.09369253129524e-07
Ross Barkley,59,MID,Aston Villa,Brighton,1.0,0.3194483868170741,0.5963847657805922,0.07573969075418341,0.008427156648150332
Andriy Yarmolenko,55,MID,West Ham,Sheffield United,2.0,0.08510189499162148,0.27974965617529235,0.5518087547447262,0.08333969408835992
Ben Mee,50,DEF,Burnley,Crystal Palace,2.0,0.28990575372576166,0.23515544673395508,0.45658217535507745,0.018356624185205814
Mathew Ryan,42,GK,Arsenal,Leeds,0.0,0.9822027569748831,0.015904054337178685,0.0018328212326149985,6.036745532308627e-05
Harry Maguire,55,DEF,Man United,West Brom,0.0,0.993302181293552,0.002245995324988009,0.004167362907657167,0.00028446047380263986
Moussa Sissoko,48,MID,Tottenham,Man City,0.0,0.9902562460803969,0.007415952510782571,0.0021961937950064217,0.0001316076138142165
Eric Dier,50,DEF,Tottenham,Man City,0.0,0.9997229650757158,0.0001475871567766822,0.0001202725542698821,9.175213237552564e-06
Thiago Thiago,56,DEF,Chelsea,Newcastle,0.0,0.8017228408022375,0.02415528627254951,0.15364982390874082,0.020472049016472052
Carlos Vinicius Alves Morais,69,FWD,Tottenham,Man City,0.0,0.9995980832275614,0.000256075239906616,0.00013543511630204974,1.0406416229991186e-05
Christian Pulisic,82,MID,Chelsea,Newcastle,0.0,0.989082647991398,0.009806421647182238,0.0010410260214009823,6.99043400189362e-05
Steven Alzate,43,MID,Brighton,Aston Villa,0.0,0.9955521117595054,0.004007098935529419,0.0004245037748365541,1.6285530128669045e-05
Ben Johnson,39,DEF,West Ham,Sheffield United,1.0,0.2841895730275677,0.460302648114309,0.24545606445576132,0.010051714402361835
Solomon March,50,MID,Brighton,Aston Villa,0.0,0.7291022088292813,0.03364977852622739,0.21720080847487605,0.020047204169615182
Joel Mumbongo,45,FWD,Burnley,Crystal Palace,0.0,0.9994159551598445,0.00036986366198563136,0.00020944247358640623,4.738704583667023e-06
Alex Oxlade-Chamberlain,63,MID,Liverpool,Leicester,0.0,0.9935100471726439,0.003997843647346184,0.0021718221642657493,0.00032028701574415716
Yerry Mina,56,DEF,Everton,Fulham,0.0,0.9907700528776544,0.005647001658567409,0.0033194702441768807,0.0002634752196010937
Nathaniel Phillips,40,DEF,Liverpool,Leicester,0.0,0.9915929688720125,0.004770909761005595,0.003204960287882636,0.0004311610790991285
Morgan Sanson,55,MID,Aston Villa,Brighton,0.0,0.9972306607571766,0.0025221416690440566,0.00022831005156929383,1.888752220992452e-05
Nampalys Mendy,43,MID,Leicester,Liverpool,0.0,0.9970961169795783,0.0026315506873572,0.0002540586255428229,1.8273707521632054e-05
Pablo Fornals,60,MID,West Ham,Sheffield United,1.0,0.11047798661120267,0.8363147770596918,0.05103854383767878,0.002168692491426676
Caoimhin Kelleher,45,GK,Liverpool,Leicester,2.0,0.3156123311786827,0.11596167316725485,0.48720837001685663,0.08121762563720573
Josh Benson,45,MID,Burnley,Crystal Palace,0.0,0.9935911609795683,0.005589974284829577,0.0007981635118867448,2.0701223715302323e-05
Daniel Amartey,39,DEF,Leicester,Liverpool,0.0,0.9861489099182388,0.010811503937644368,0.002828857875520574,0.0002107282685962894
Pablo Hernández Domínguez,57,MID,Leeds,Arsenal,0.0,0.9873740301816476,0.011576028036039037,0.000993411249917335,5.653053239614628e-05
Anwar El Ghazi,56,MID,Aston Villa,Brighton,0.0,0.9919616712936355,0.006025563680858547,0.0018540977881540716,0.00015866723735186823
Hélder Wander Sousa de Azevedo e Costa,51,MID,Leeds,Arsenal,0.0,0.9667845790955243,0.031673503626061916,0.0014464195672299531,9.549771118365408e-05
Divock Origi,52,FWD,Liverpool,Leicester,0.0,0.9991049810305472,0.0006619709360310126,0.00020899625390033986,2.4051779521357485e-05
Tyler Roberts,47,MID,Leeds,Arsenal,0.0,0.9974867849992017,0.0023449254182128336,0.00015869858486782098,9.590997717677593e-06
Dale Stephens,43,MID,Burnley,Crystal Palace,0.0,0.9353336260854409,0.03583281773412483,0.027811820818624888,0.0010217353618093784
Douglas Luiz Soares de Paulo,49,MID,Aston Villa,Brighton,0.0,0.8288918657841357,0.1465451162917484,0.02245859764398824,0.0021044202801278095
Jay Rodriguez,58,FWD,Burnley,Crystal Palace,0.0,0.9793686687444184,0.010238586488243117,0.009855695273349665,0.000537049493988912
Ola Aina,45,DEF,Fulham,Everton,0.0,0.9998810829005671,6.082605578167015e-05,5.612623311648125e-05,1.9648105346602043e-06
Andi Zeqiri,50,FWD,Brighton,Aston Villa,0.0,0.9999458478084012,3.670482417881181e-05,1.6654763627894262e-05,7.926037920374056e-07
Aymeric Laporte,60,DEF,Man City,Tottenham,1.0,0.1161013416936277,0.4285219747609359,0.3963640320457105,0.059012651499725906
Ryan Fraser,56,MID,Newcastle,Chelsea,0.0,0.9718540425897534,0.017080815933760873,0.01016221962801096,0.0009029218484747655
Wilfried Zaha,72,MID,Crystal Palace,Burnley,1.0,0.22534853301645522,0.44362981130842655,0.25981173808999325,0.07120991758512496
Alexandre Jankewitz,45,MID,Southampton,Wolves,0.0,0.9763041889975796,0.022984997784963435,0.0006627134218312722,4.809979562560785e-05
Hal Robson-Kanu,52,FWD,West Brom,Man United,0.0,0.9997915320034558,0.0001412304729285738,6.339557080724577e-05,3.841952808347651e-06
Vitor Ferreira,48,MID,Wolves,Southampton,0.0,0.9939057613536174,0.005910804768540367,0.00016664412943690675,1.6789748405198347e-05
Dara O'Shea,43,DEF,West Brom,Man United,0.0,0.9999938942606706,3.669960779016358e-06,2.2243606756234167e-06,2.1141787494537724e-07
Jake Livermore,47,MID,West Brom,Man United,0.0,0.9973948876973112,0.0017279225332357412,0.0007695068538679902,0.00010768291558497875
Ethan Ampadu,43,DEF,Sheffield United,West Ham,0.0,0.9991409890280186,0.0005533547782111226,0.000285243175137958,2.0413018632291025e-05
Bernd Leno,50,GK,Arsenal,Leeds,2.0,0.002081850026720756,0.1127657325976586,0.7504739366859589,0.13467848068966193
Moussa Djenepo,54,MID,Southampton,Wolves,0.0,0.9680420565612589,0.03108539038857123,0.0007964622488334947,7.609080133643361e-05
David Luiz Moreira Marinho,54,DEF,Arsenal,Leeds,2.0,0.30123728273049405,0.3012016160362083,0.3573887109091257,0.040172390324171865
Ciaran Clark,45,DEF,Newcastle,Chelsea,0.0,0.9033089913643303,0.027032437660833544,0.06663667256559687,0.0030218984092393753
Allan Tchaptchet,40,DEF,Southampton,Wolves,0.0,0.999613548754178,0.0003537891931841798,3.085114492534849e-05,1.8109077122517993e-06
